5410101529
5410400020
5410401671
5410401697
5410401719
5410401778
5410401867
5410401891
5410602579
5410702638
5410702808
5411000564
5411000602
5411000637
5411104394
5411300550
5411300827
5411300941
5411301076
5411301173
5411301262
5411301289
5411301467
5411303419
5510101253
5510102934
5510700521
5610102588
5610404371
5610500061
5610500222
5610501784
5610502365
5610503922
5610503931
5610504546
5610505909
5611101496
5611101623
5611101631
5711102192
5711102206
5711102214
5711102354
5711400819
5711400835
5711401068
5711401289
